101199
101037
101014
101066
101046
101088
101152
101195
101216
101242
101274
101275
101292
101258
101257
101218
101180
101142
101137
101102
101094
101084
101050
101026
101010
100977
100966
100935
100900
100902
100874
100819
100795
100765
100712
100673
100624
100565
100529
100473
100402
100352
100304
100239
100199
100138
100054
99992
99941
99866
99816
99766
99675
99611
99501
99391
99310
99220
99127
99057
98985
98882
98823
98754
98663
98610
98551
98471
98402
98339
98267
98230
98190
98127
98096
98029
97954
97901
97831
97776
97740
97695
97617
97607
97572
97521
97492
97443
97366
97302
97256
97153
97080
97017
96922
96861
96796
96736
96699
96645
96591
96557
96511
96432
96380
96310
96236
96199
96161
96120
96081
96068